# Created by Octave 4.2.2, Wed May 11 14:53:55 2022 PDT <x@alien-zero>
# name: vecX0
# type: matrix
# rows: 50
# columns: 1
 0.6471646093088397
 2.048503538670087
 -2.332352922812135
 -1.666334286129833
 0.09152611377863214
 1.896729616966578
 2.19570734359782
 0.6857256689837762
 0.09656399284800511
 1.367344585653075
 0.5092414865720754
 -0.6593239143938957
 -0.1880083119668737
 0.180932311760543
 -1.038152045849891
 0.7272002779075279
 -1.34552265957644
 2.855149481210485
 -2.617851667717431
 -0.425844284887833
 -2.522439160128346
 -2.044854216420855
 1.012861058517055
 1.387547359301632
 1.53458760051802
 -0.6766234621722131
 -0.01616309214818306
 -1.460586264105435
 -1.520919326886887
 -0.560251921131477
 -0.3804330480780181
 -3.542066070716312
 0.1821776869623781
 -0.5299508873176305
 -1.542677930731569
 -0.2189744824122447
 1.642185285492774
 -0.4766338935817422
 -3.298400621465449
 -0.4493643364973768
 1.037560012306648
 1.116543299351136
 -1.249615850139984
 1.467168965256129
 -0.7877568967398246
 -0.375423020150538
 2.182028947173638
 3.07722724174715
 2.399145774573285
 -0.5688932847006721


